#reader(lib"read.ss""wxme")WXME0109 ## 
#|
   This file uses the GRacket editor format.
   Open this file in DrRacket version 7.8 or later to read it.

   Most likely, it was created by saving a program in DrRacket,
   and it probably contains a program with non-text elements
   (such as images or comment boxes).

            http://racket-lang.org/
|#
 33 7 #"wxtext\0"
3 1 6 #"wxtab\0"
1 1 8 #"wximage\0"
2 0 8 #"wxmedia\0"
4 1 34 #"(lib \"syntax-browser.ss\" \"mrlib\")\0"
1 0 36 #"(lib \"cache-image-snip.ss\" \"mrlib\")\0"
1 0 68
(0
 #"((lib \"image-core.ss\" \"mrlib\") (lib \"image-core-wxme.rkt\" \"mr"
 #"lib\"))\0"
) 1 0 16 #"drscheme:number\0"
3 0 44 #"(lib \"number-snip.ss\" \"drscheme\" \"private\")\0"
1 0 36 #"(lib \"comment-snip.ss\" \"framework\")\0"
1 0 93
(1
 #"((lib \"collapsed-snipclass.ss\" \"framework\") (lib \"collapsed-sni"
 #"pclass-wxme.ss\" \"framework\"))\0"
) 0 0 43 #"(lib \"collapsed-snipclass.ss\" \"framework\")\0"
0 0 19 #"drscheme:sexp-snip\0"
0 0 29 #"drscheme:bindings-snipclass%\0"
1 0 101
(2
 #"((lib \"ellipsis-snip.rkt\" \"drracket\" \"private\") (lib \"ellipsi"
 #"s-snip-wxme.rkt\" \"drracket\" \"private\"))\0"
) 2 0 88
(3
 #"((lib \"pict-snip.rkt\" \"drracket\" \"private\") (lib \"pict-snip.r"
 #"kt\" \"drracket\" \"private\"))\0"
) 0 0 55
#"((lib \"snip.rkt\" \"pict\") (lib \"snip-wxme.rkt\" \"pict\"))\0"
1 0 34 #"(lib \"bullet-snip.rkt\" \"browser\")\0"
0 0 25 #"(lib \"matrix.ss\" \"htdp\")\0"
1 0 22 #"drscheme:lambda-snip%\0"
1 0 29 #"drclickable-string-snipclass\0"
0 0 26 #"drracket:spacer-snipclass\0"
0 0 57
#"(lib \"hrule-snip.rkt\" \"macro-debugger\" \"syntax-browser\")\0"
1 0 26 #"drscheme:pict-value-snip%\0"
0 0 45 #"(lib \"image-snipr.ss\" \"slideshow\" \"private\")\0"
1 0 38 #"(lib \"pict-snipclass.ss\" \"slideshow\")\0"
2 0 55 #"(lib \"vertical-separator-snip.ss\" \"stepper\" \"private\")\0"
1 0 18 #"drscheme:xml-snip\0"
1 0 31 #"(lib \"xml-snipclass.ss\" \"xml\")\0"
1 0 21 #"drscheme:scheme-snip\0"
2 0 34 #"(lib \"scheme-snipclass.ss\" \"xml\")\0"
1 0 10 #"text-box%\0"
1 0 32 #"(lib \"text-snipclass.ss\" \"xml\")\0"
1 0 1 6 #"wxloc\0"
          0 0 67 0 1 #"\0"
0 75 1 #"\0"
0 12 90 -1 90 -1 3 -1 0 1 0 1 0 0 0 0 0 0 0 0 0 0 0 255 255 255 1 -1 0 9
#"Standard\0"
0 75 10 #"Monospace\0"
0 16 90 -1 90 -1 3 -1 0 1 0 1 0 0 0 0 0 0 0 0 0 0 0 255 255 255 1 -1 2 1
#"\0"
0 -1 1 #"\0"
1 0 -1 -1 -1 -1 -1 -1 0 0 0 0 0 0 1 1 1 1 1 1 0 0 0 0 0 0 -1 -1 2 24
#"framework:default-color\0"
0 -1 1 #"\0"
1 0 -1 -1 -1 -1 -1 -1 0 0 0 0 0 0 0 0 0 1 1 1 255 146 146 0 0 0 -1 -1 2
1 #"\0"
0 -1 1 #"\0"
1 0 -1 -1 -1 -1 -1 -1 0 0 0 0 0 0 0 0 0 1 1 1 150 0 150 0 0 0 -1 -1 2 15
#"text:ports out\0"
0 -1 1 #"\0"
1 0 -1 -1 -1 93 -1 -1 0 1 0 0 0 0 0.0 0.0 0.0 1 1 1 225 212 103 0 0 0 -1
-1 2 1 #"\0"
0 -1 1 #"\0"
1.0 0 -1 -1 93 -1 -1 -1 0 0 0 0 0 0 0 0 0 1.0 1.0 1.0 255 0 0 0 0 0 -1
-1 2 15 #"text:ports err\0"
0 -1 1 #"\0"
1 0 -1 -1 93 -1 -1 -1 0 1 0 0 0 0 0 0 0 1 1 1 255 0 0 0 0 0 -1 -1 2 1
#"\0"
0 -1 1 #"\0"
1 0 -1 -1 -1 -1 -1 -1 0 0 0 0 0 0 0 0 0 1 1 1 0 0 175 0 0 0 -1 -1 2 17
#"text:ports value\0"
0 -1 1 #"\0"
1 0 -1 -1 -1 93 -1 -1 0 1 0 0 0 0 0.0 0.0 0.0 1 1 1 208 136 255 0 0 0 -1
-1 2 1 #"\0"
0 -1 1 #"\0"
1.0 0 92 -1 -1 -1 -1 -1 0 0 0 0 0 0 0 0 0 1.0 1.0 1.0 34 139 34 0 0 0 -1
-1 2 27 #"Matching Parenthesis Style\0"
0 -1 1 #"\0"
1.0 0 92 -1 -1 -1 -1 -1 0 0 0 0 0 0 0 0 0 1.0 1.0 1.0 34 139 34 0 0 0 -1
-1 2 1 #"\0"
0 -1 1 #"\0"
1 0 -1 -1 -1 93 -1 -1 0 1 0 0 0 0 0.0 0.0 0.0 1 1 1 171 171 247 0 0 0 -1
-1 2 37 #"framework:syntax-color:scheme:symbol\0"
0 -1 1 #"\0"
1 0 -1 -1 -1 93 -1 -1 0 1 0 0 0 0 0.0 0.0 0.0 1 1 1 171 171 247 0 0 0 -1
-1 2 1 #"\0"
0 -1 1 #"\0"
1 0 -1 -1 -1 93 -1 -1 0 1 0 0 0 0 0.0 0.0 0.0 1 1 1 126 255 110 0 0 0 -1
-1 2 38 #"framework:syntax-color:scheme:keyword\0"
0 -1 1 #"\0"
1 0 -1 -1 -1 93 -1 -1 0 1 0 0 0 0 0.0 0.0 0.0 1 1 1 126 255 110 0 0 0 -1
-1 2 1 #"\0"
0 -1 1 #"\0"
1 0 -1 -1 -1 93 -1 -1 0 1 0 0 0 0 0 0 0 1 1 1 249 148 40 0 0 0 -1 -1 2
38 #"framework:syntax-color:scheme:comment\0"
0 -1 1 #"\0"
1 0 -1 -1 -1 93 -1 -1 0 1 0 0 0 0 0 0 0 1 1 1 249 148 40 0 0 0 -1 -1 2 1
#"\0"
0 -1 1 #"\0"
1 0 -1 -1 -1 93 -1 -1 0 1 0 0 0 0 0 0 0 1 1 1 140 212 140 0 0 0 -1 -1 2
37 #"framework:syntax-color:scheme:string\0"
0 -1 1 #"\0"
1 0 -1 -1 -1 93 -1 -1 0 1 0 0 0 0 0 0 0 1 1 1 140 212 140 0 0 0 -1 -1 2
1 #"\0"
0 -1 1 #"\0"
1 0 -1 -1 -1 93 -1 -1 0 1 0 0 0 0 0 0 0 1 1 1 51 174 51 0 0 0 -1 -1 2 35
#"framework:syntax-color:scheme:text\0"
0 -1 1 #"\0"
1 0 -1 -1 -1 93 -1 -1 0 1 0 0 0 0 0 0 0 1 1 1 51 174 51 0 0 0 -1 -1 2 39
#"framework:syntax-color:scheme:constant\0"
0 -1 1 #"\0"
1 0 -1 -1 -1 93 -1 -1 0 1 0 0 0 0 0 0 0 1 1 1 140 212 140 0 0 0 -1 -1 2
1 #"\0"
0 -1 1 #"\0"
1 0 -1 -1 -1 93 -1 -1 0 1 0 0 0 0 0.0 0.0 0.0 1 1 1 224 155 76 0 0 0 -1
-1 2 49 #"framework:syntax-color:scheme:hash-colon-keyword\0"
0 -1 1 #"\0"
1 0 -1 -1 -1 93 -1 -1 0 1 0 0 0 0 0.0 0.0 0.0 1 1 1 224 155 76 0 0 0 -1
-1 2 1 #"\0"
0 -1 1 #"\0"
1 0 -1 -1 -1 93 -1 -1 0 1 0 0 0 0 0.0 0.0 0.0 1 1 1 255 255 255 0 0 0 -1
-1 2 42 #"framework:syntax-color:scheme:parenthesis\0"
0 -1 1 #"\0"
1 0 -1 -1 -1 93 -1 -1 0 1 0 0 0 0 0.0 0.0 0.0 1 1 1 255 255 255 0 0 0 -1
-1 2 1 #"\0"
0 -1 1 #"\0"
1 0 -1 -1 -1 93 -1 -1 0 1 0 0 0 0 0 0 0 1 1 1 255 0 0 0 0 0 -1 -1 2 36
#"framework:syntax-color:scheme:error\0"
0 -1 1 #"\0"
1 0 -1 -1 -1 93 -1 -1 0 1 0 0 0 0 0 0 0 1 1 1 255 0 0 0 0 0 -1 -1 2 1
#"\0"
0 -1 1 #"\0"
1 0 -1 -1 -1 93 -1 -1 0 1 0 0 0 0 0.0 0.0 0.0 1 1 1 255 0 39 0 0 0 -1 -1
2 36 #"framework:syntax-color:scheme:other\0"
0 -1 1 #"\0"
1 0 -1 -1 -1 93 -1 -1 0 1 0 0 0 0 0.0 0.0 0.0 1 1 1 255 0 39 0 0 0 -1 -1
2 16 #"Misspelled Text\0"
0 -1 1 #"\0"
1 0 -1 -1 -1 -1 -1 -1 0 0 0 0 0 0 0 0 0 1 1 1 255 255 255 0 0 0 -1 -1 2
1 #"\0"
0 -1 1 #"\0"
1 0 -1 -1 -1 93 -1 -1 0 1 0 0 0 0 0 0 0 1 1 1 50 163 255 0 0 0 -1 -1 2
38 #"drracket:check-syntax:lexically-bound\0"
0 -1 1 #"\0"
1 0 -1 -1 -1 93 -1 -1 0 1 0 0 0 0 0 0 0 1 1 1 50 163 255 0 0 0 -1 -1 2 1
#"\0"
0 -1 1 #"\0"
1 0 -1 -1 -1 93 -1 -1 0 1 0 0 0 0 0 0 0 1 1 1 255 192 203 0 0 0 -1 -1 2
28 #"drracket:check-syntax:set!d\0"
0 -1 1 #"\0"
1 0 -1 -1 -1 93 -1 -1 0 1 0 0 0 0 0 0 0 1 1 1 255 192 203 0 0 0 -1 -1 2
37 #"drracket:check-syntax:unused-require\0"
0 -1 1 #"\0"
1 0 -1 -1 -1 93 -1 -1 0 1 0 0 0 0 0 0 0 1 1 1 255 192 203 0 0 0 -1 -1 2
36 #"drracket:check-syntax:free-variable\0"
0 -1 1 #"\0"
1 0 -1 -1 -1 93 -1 -1 0 1 0 0 0 0 0 0 0 1 1 1 255 192 203 0 0 0 -1 -1 2
1 #"\0"
0 -1 1 #"\0"
1 0 -1 -1 -1 93 -1 -1 0 1 0 0 0 0 0 0 0 1 1 1 166 0 255 0 0 0 -1 -1 2 31
#"drracket:check-syntax:imported\0"
0 -1 1 #"\0"
1 0 -1 -1 -1 93 -1 -1 0 1 0 0 0 0 0 0 0 1 1 1 166 0 255 0 0 0 -1 -1 2 47
#"drracket:check-syntax:my-obligation-style-pref\0"
0 -1 1 #"\0"
1 0 -1 -1 -1 93 -1 -1 0 1 0 0 0 0 0 0 0 1 1 1 255 192 203 0 0 0 -1 -1 2
1 #"\0"
0 -1 1 #"\0"
1 0 -1 -1 -1 93 -1 -1 0 1 0 0 0 0 0 0 0 1 1 1 50 205 50 0 0 0 -1 -1 2 50
#"drracket:check-syntax:their-obligation-style-pref\0"
0 -1 1 #"\0"
1 0 -1 -1 -1 93 -1 -1 0 1 0 0 0 0 0 0 0 1 1 1 50 205 50 0 0 0 -1 -1 2 1
#"\0"
0 -1 1 #"\0"
1 0 -1 -1 -1 93 -1 -1 0 1 0 0 0 0 0.0 0.0 0.0 1 1 1 255 116 116 0 0 0 -1
-1 2 48 #"drracket:check-syntax:unk-obligation-style-pref\0"
0 -1 1 #"\0"
1 0 -1 -1 -1 93 -1 -1 0 1 0 0 0 0 0.0 0.0 0.0 1 1 1 255 116 116 0 0 0 -1
-1 2 1 #"\0"
0 -1 1 #"\0"
1 0 -1 -1 -1 93 -1 -1 0 1 0 0 0 0 0 0 0 1 1 1 240 230 140 0 0 0 -1 -1 2
49 #"drracket:check-syntax:both-obligation-style-pref\0"
0 -1 1 #"\0"
1 0 -1 -1 -1 93 -1 -1 0 1 0 0 0 0 0 0 0 1 1 1 240 230 140 0 0 0 -1 -1 2
26 #"plt:htdp:test-coverage-on\0"
0 -1 1 #"\0"
1 0 -1 -1 -1 93 -1 -1 0 1 0 0 0 0 0 0 0 1 1 1 255 255 255 0 0 0 -1 -1 2
1 #"\0"
0 -1 1 #"\0"
1 0 -1 -1 -1 93 -1 -1 0 1 0 0 0 1 0 0 0 0 0 0 205 92 92 0 0 0 -1 -1 2 27
#"plt:htdp:test-coverage-off\0"
0 -1 1 #"\0"
1 0 -1 -1 -1 93 -1 -1 0 1 0 0 0 1 0 0 0 0 0 0 205 92 92 0 0 0 -1 -1 4 1
#"\0"
0 70 1 #"\0"
1.0 0 -1 -1 -1 -1 -1 -1 0 0 0 0 0 0 1.0 1.0 1.0 1.0 1.0 1.0 0 0 0 0 0 0
-1 -1 4 4 #"XML\0"
0 70 1 #"\0"
1.0 0 -1 -1 -1 -1 -1 -1 0 0 0 0 0 0 1.0 1.0 1.0 1.0 1.0 1.0 0 0 0 0 0 0
-1 -1 2 37 #"plt:module-language:test-coverage-on\0"
0 -1 1 #"\0"
1 0 -1 -1 -1 93 -1 -1 0 1 0 0 0 0 0 0 0 1 1 1 255 255 255 0 0 0 -1 -1 2
1 #"\0"
0 -1 1 #"\0"
1 0 -1 -1 -1 93 -1 -1 0 1 0 0 0 0 0.0 0.0 0.0 0 0 0 255 88 88 200 200
200 -1 -1 2 38 #"plt:module-language:test-coverage-off\0"
0 -1 1 #"\0"
1 0 -1 -1 -1 93 -1 -1 0 1 0 0 0 0 0.0 0.0 0.0 0 0 0 255 88 88 200 200
200 -1 -1 0 36 #"mrlib/syntax-browser:subtitle-color\0"
0 -1 1 #"\0"
1 0 -1 -1 -1 -1 -1 -1 0 0 0 0 0 1 0 0 0 0 0 0 100 149 237 88 88 88 -1 -1
0 42 #"mrlib/syntax-browser:focused-syntax-color\0"
0 -1 1 #"\0"
1 0 -1 -1 -1 -1 -1 -1 0 0 0 0 0 1 0 0 0 0 0 0 50 205 50 88 88 88 -1 -1 4
1 #"\0"
0 71 1 #"\0"
1.0 0 -1 -1 -1 -1 -1 -1 0 0 0 0 0 0 1.0 1.0 1.0 1.0 1.0 1.0 0 0 0 0 0 0
-1 -1 4 1 #"\0"
0 -1 1 #"\0"
1.0 0 -1 -1 -1 -1 -1 -1 1 0 0 0 0 0 0 0 0 1.0 1.0 1.0 0 191 255 0 0 0 -1
-1 4 1 #"\0"
0 71 1 #"\0"
1.0 0 -1 -1 -1 -1 -1 -1 1 0 0 0 0 0 0 0 0 1.0 1.0 1.0 0 191 255 0 0 0 -1
-1 4 1 #"\0"
0 71 1 #"\0"
1.0 0 -1 -1 -1 -1 -1 -1 0 0 0 0 0 0 0 0 0 1.0 1.0 1.0 152 251 152 0 0 0
-1 -1 2 1 #"\0"
0 -1 1 #"\0"
1 0 -1 -1 -1 -1 -1 -1 0 0 0 0 0 0 0 0 0 1 1 1 200 0 0 0 0 0 -1 -1 31 1
#"\0"
0 -1 1 #"\0"
1.0 0 -1 -1 -1 -1 -1 -1 0 0 0 0 1 0 0 0 0 0 0 0 0 0 0 255 255 255 -1 -1
53 1 #"\0"
0 -1 1 #"\0"
1.0 0 -1 -1 -1 -1 -1 -1 0 0 0 0 1 0 0 0 0 0 0 0 0 0 0 255 255 255 -1 -1
55 1 #"\0"
0 -1 1 #"\0"
1.0 0 -1 -1 -1 -1 -1 -1 0 0 0 0 1 0 0 0 0 0 0 0 0 0 0 255 255 255 -1 -1
4 1 #"\0"
0 -1 1 #"\0"
1.0 0 -1 -1 -1 -1 -1 -1 0 0 0 0 1 0 0 0 0 0 0 0 0 0 0 255 255 255 -1 -1
          0 1022 0 31 3 18 #"#lang typed/racket"
0 0 27 29 1 #"\n"
0 0 27 3 1 #"("
0 0 16 3 7 #"require"
0 0 27 3 1 #" "
0 0 14 3 14 #"typed/rackunit"
0 0 27 3 1 #")"
0 0 27 29 1 #"\n"
0 0 27 29 1 #"\n"
0 0 27 29 1 #"\n"
0 0 27 3 1 #"("
0 0 16 3 11 #"define-type"
0 0 27 3 1 #" "
0 0 14 3 5 #"ExprC"
0 0 27 3 2 #" ("
0 0 14 3 1 #"U"
0 0 27 3 1 #" "
0 0 14 3 3 #"idC"
0 0 27 3 1 #" "
0 0 14 3 4 #"appC"
0 0 27 3 1 #" "
0 0 14 3 5 #"condC"
0 0 27 3 1 #" "
0 0 14 3 4 #"lamC"
0 0 27 3 1 #" "
0 0 14 3 5 #"Value"
0 0 27 3 2 #"))"
0 0 27 29 1 #"\n"
0 0 27 3 1 #"("
0 0 16 3 6 #"struct"
0 0 27 3 1 #" "
0 0 14 3 3 #"idC"
0 0 27 3 3 #" (["
0 0 14 3 1 #"s"
0 0 27 3 1 #" "
0 0 14 3 1 #":"
0 0 27 3 1 #" "
0 0 14 3 6 #"Symbol"
0 0 27 3 3 #"]) "
0 0 25 3 13 #"#:transparent"
0 0 27 3 1 #")"
0 0 27 29 1 #"\n"
0 0 27 3 1 #"("
0 0 16 3 6 #"struct"
0 0 27 3 1 #" "
0 0 14 3 4 #"appC"
0 0 27 3 3 #" (["
0 0 14 3 4 #"body"
0 0 27 3 1 #" "
0 0 14 3 1 #":"
0 0 27 3 1 #" "
0 0 14 3 5 #"ExprC"
0 0 27 3 3 #"] ["
0 0 14 3 4 #"args"
0 0 27 3 1 #" "
0 0 14 3 1 #":"
0 0 27 3 2 #" ("
0 0 14 3 6 #"Listof"
0 0 27 3 1 #" "
0 0 14 3 5 #"ExprC"
0 0 27 3 4 #")]) "
0 0 25 3 13 #"#:transparent"
0 0 27 3 1 #")"
0 0 27 29 1 #"\n"
0 0 27 3 1 #"("
0 0 16 3 6 #"struct"
0 0 27 3 1 #" "
0 0 14 3 5 #"condC"
0 0 27 3 3 #" (["
0 0 14 3 2 #"if"
0 0 27 3 1 #" "
0 0 14 3 1 #":"
0 0 27 3 1 #" "
0 0 14 3 5 #"ExprC"
0 0 27 3 3 #"] ["
0 0 14 3 4 #"then"
0 0 27 3 1 #" "
0 0 14 3 1 #":"
0 0 27 3 1 #" "
0 0 14 3 5 #"ExprC"
0 0 27 3 3 #"] ["
0 0 14 3 4 #"else"
0 0 27 3 1 #" "
0 0 14 3 1 #":"
0 0 27 3 1 #" "
0 0 14 3 5 #"ExprC"
0 0 27 3 3 #"]) "
0 0 25 3 13 #"#:transparent"
0 0 27 3 1 #")"
0 0 27 29 1 #"\n"
0 0 27 3 1 #"("
0 0 16 3 6 #"struct"
0 0 27 3 1 #" "
0 0 14 3 4 #"lamC"
0 0 27 3 3 #" (["
0 0 14 3 3 #"ids"
0 0 27 3 1 #" "
0 0 14 3 1 #":"
0 0 27 3 2 #" ("
0 0 14 3 6 #"Listof"
0 0 27 3 1 #" "
0 0 14 3 6 #"Symbol"
0 0 27 3 4 #")] ["
0 0 14 3 4 #"body"
0 0 27 3 1 #" "
0 0 14 3 1 #":"
0 0 27 3 1 #" "
0 0 14 3 5 #"ExprC"
0 0 27 3 3 #"]) "
0 0 25 3 13 #"#:transparent"
0 0 27 3 1 #")"
0 0 27 29 1 #"\n"
0 0 27 29 1 #"\n"
0 0 27 3 1 #"("
0 0 16 3 11 #"define-type"
0 0 27 3 1 #" "
0 0 14 3 5 #"Value"
0 0 27 3 2 #" ("
0 0 14 3 1 #"U"
0 0 27 3 1 #" "
0 0 14 3 4 #"numV"
0 0 27 3 1 #" "
0 0 14 3 4 #"strV"
0 0 27 3 1 #" "
0 0 14 3 5 #"primV"
0 0 27 3 1 #" "
0 0 14 3 5 #"boolV"
0 0 27 3 1 #" "
0 0 14 3 4 #"cloV"
0 0 27 3 2 #"))"
0 0 27 29 1 #"\n"
0 0 27 3 1 #"("
0 0 16 3 6 #"struct"
0 0 27 3 1 #" "
0 0 14 3 4 #"numV"
0 0 27 3 4 #"  (["
0 0 14 3 3 #"val"
0 0 27 3 1 #" "
0 0 14 3 1 #":"
0 0 27 3 1 #" "
0 0 14 3 4 #"Real"
0 0 27 3 3 #"]) "
0 0 25 3 13 #"#:transparent"
0 0 27 3 1 #")"
0 0 27 29 1 #"\n"
0 0 27 3 1 #"("
0 0 16 3 6 #"struct"
0 0 27 3 1 #" "
0 0 14 3 4 #"strV"
0 0 27 3 4 #"  (["
0 0 14 3 3 #"val"
0 0 27 3 1 #" "
0 0 14 3 1 #":"
0 0 27 3 1 #" "
0 0 14 3 6 #"String"
0 0 27 3 3 #"]) "
0 0 25 3 13 #"#:transparent"
0 0 27 3 1 #")"
0 0 27 29 1 #"\n"
0 0 27 3 1 #"("
0 0 16 3 6 #"struct"
0 0 27 3 1 #" "
0 0 14 3 5 #"primV"
0 0 27 3 3 #" (["
0 0 14 3 2 #"op"
0 0 27 3 1 #" "
0 0 14 3 1 #":"
0 0 27 3 1 #" "
0 0 14 3 6 #"Symbol"
0 0 27 3 3 #"]) "
0 0 25 3 13 #"#:transparent"
0 0 27 3 1 #")"
0 0 27 29 1 #"\n"
0 0 27 3 1 #"("
0 0 16 3 6 #"struct"
0 0 27 3 1 #" "
0 0 14 3 5 #"boolV"
0 0 27 3 3 #" (["
0 0 14 3 3 #"val"
0 0 27 3 1 #" "
0 0 14 3 1 #":"
0 0 27 3 1 #" "
0 0 14 3 7 #"Boolean"
0 0 27 3 3 #"]) "
0 0 25 3 13 #"#:transparent"
0 0 27 3 1 #")"
0 0 27 29 1 #"\n"
0 0 27 3 1 #"("
0 0 16 3 6 #"struct"
0 0 27 3 1 #" "
0 0 14 3 4 #"cloV"
0 0 27 3 4 #"  (["
0 0 14 3 4 #"body"
0 0 27 3 1 #" "
0 0 14 3 1 #":"
0 0 27 3 1 #" "
0 0 14 3 5 #"ExprC"
0 0 27 3 3 #"] ["
0 0 14 3 4 #"args"
0 0 27 3 1 #" "
0 0 14 3 1 #":"
0 0 27 3 2 #" ("
0 0 14 3 6 #"Listof"
0 0 27 3 1 #" "
0 0 14 3 6 #"Symbol"
0 0 27 3 4 #")] ["
0 0 14 3 7 #"clo-env"
0 0 27 3 1 #" "
0 0 14 3 1 #":"
0 0 27 3 1 #" "
0 0 14 3 3 #"Env"
0 0 27 3 3 #"]) "
0 0 25 3 13 #"#:transparent"
0 0 27 3 1 #")"
0 0 27 29 1 #"\n"
0 0 27 29 1 #"\n"
0 0 27 29 1 #"\n"
0 0 27 3 1 #"("
0 0 16 3 11 #"define-type"
0 0 27 3 1 #" "
0 0 14 3 3 #"Env"
0 0 27 3 2 #" ("
0 0 14 3 6 #"Listof"
0 0 27 3 1 #" "
0 0 14 3 4 #"Bind"
0 0 27 3 2 #"))"
0 0 27 29 1 #"\n"
0 0 27 3 1 #"("
0 0 16 3 6 #"struct"
0 0 27 3 1 #" "
0 0 14 3 4 #"Bind"
0 0 27 3 3 #" (["
0 0 14 3 4 #"name"
0 0 27 3 1 #" "
0 0 14 3 1 #":"
0 0 27 3 1 #" "
0 0 14 3 6 #"Symbol"
0 0 27 3 3 #"] ["
0 0 14 3 3 #"val"
0 0 27 3 1 #" "
0 0 14 3 1 #":"
0 0 27 3 1 #" "
0 0 14 3 5 #"Value"
0 0 27 3 3 #"]) "
0 0 25 3 13 #"#:transparent"
0 0 27 3 1 #")"
0 0 27 29 1 #"\n"
0 0 27 29 1 #"\n"
0 0 27 29 1 #"\n"
0 0 27 3 1 #"("
0 0 16 3 6 #"define"
0 0 27 3 1 #" "
0 0 14 3 7 #"symbols"
0 0 27 3 1 #" "
0 0 23 3 1 #"'"
0 0 27 3 1 #"("
0 0 14 3 1 #"a"
0 0 27 3 1 #" "
0 0 14 3 1 #"b"
0 0 27 3 1 #" "
0 0 14 3 1 #"c"
0 0 27 3 1 #" "
0 0 14 3 1 #"d"
0 0 27 3 1 #" "
0 0 14 3 1 #"e"
0 0 27 3 1 #" "
0 0 14 3 1 #"f"
0 0 27 3 1 #" "
0 0 14 3 1 #"g"
0 0 27 3 1 #" "
0 0 14 3 1 #"h"
0 0 27 3 2 #"))"
0 0 27 29 1 #"\n"
0 0 27 29 1 #"\n"
0 0 27 29 1 #"\n"
0 0 18 3 52 #";; returns a random symbol out of the list \"symbols\""
0 0 27 29 1 #"\n"
0 0 27 3 1 #"("
0 0 14 3 1 #":"
0 0 27 3 1 #" "
0 0 14 3 13 #"random-symbol"
0 0 27 3 2 #" ("
0 0 14 3 2 #"->"
0 0 27 3 1 #" "
0 0 14 3 6 #"Symbol"
0 0 27 3 2 #"))"
0 0 27 29 1 #"\n"
0 0 27 3 1 #"("
0 0 16 3 6 #"define"
0 0 27 3 2 #" ("
0 0 14 3 13 #"random-symbol"
0 0 27 3 1 #")"
0 0 27 29 1 #"\n"
0 0 27 3 3 #"  ("
0 0 14 3 10 #"randHelper"
0 0 27 3 2 #" ("
0 0 14 3 6 #"random"
0 0 27 3 1 #" "
0 0 23 3 1 #"8"
0 0 27 3 2 #") "
0 0 14 3 7 #"symbols"
0 0 27 3 2 #"))"
0 0 27 29 1 #"\n"
0 0 27 29 1 #"\n"
0 0 27 29 1 #"\n"
0 0 18 3 68
#";; helper function for random-symbol; returns Symbol based on rndNum"
0 0 27 29 1 #"\n"
0 0 27 3 1 #"("
0 0 14 3 1 #":"
0 0 27 3 1 #" "
0 0 14 3 10 #"randHelper"
0 0 27 3 2 #" ("
0 0 14 3 2 #"->"
0 0 27 3 1 #" "
0 0 14 3 4 #"Real"
0 0 27 3 2 #" ("
0 0 14 3 6 #"Listof"
0 0 27 3 1 #" "
0 0 14 3 6 #"Symbol"
0 0 27 3 2 #") "
0 0 14 3 6 #"Symbol"
0 0 27 3 2 #"))"
0 0 27 29 1 #"\n"
0 0 27 3 1 #"("
0 0 16 3 6 #"define"
0 0 27 3 2 #" ("
0 0 14 3 10 #"randHelper"
0 0 27 3 1 #" "
0 0 14 3 6 #"rndNum"
0 0 27 3 1 #" "
0 0 14 3 7 #"symList"
0 0 27 3 1 #")"
0 0 27 29 1 #"\n"
0 0 27 3 3 #"  ("
0 0 16 3 4 #"cond"
0 0 27 29 1 #"\n"
0 0 27 3 6 #"    [("
0 0 14 3 1 #"<"
0 0 27 3 1 #" "
0 0 14 3 6 #"rndNum"
0 0 27 3 1 #" "
0 0 23 3 1 #"1"
0 0 27 3 3 #") ("
0 0 14 3 5 #"first"
0 0 27 3 1 #" "
0 0 14 3 7 #"symList"
0 0 27 3 2 #")]"
0 0 27 29 1 #"\n"
0 0 27 3 5 #"    ["
0 0 14 3 4 #"else"
0 0 27 3 2 #" ("
0 0 14 3 10 #"randHelper"
0 0 27 3 2 #" ("
0 0 14 3 1 #"-"
0 0 27 3 1 #" "
0 0 14 3 6 #"rndNum"
0 0 27 3 1 #" "
0 0 23 3 1 #"1"
0 0 27 3 3 #") ("
0 0 14 3 4 #"rest"
0 0 27 3 1 #" "
0 0 14 3 7 #"symList"
0 0 27 3 5 #"))]))"
0 0 27 29 1 #"\n"
0 0 27 29 1 #"\n"
0 0 27 29 1 #"\n"
0 0 18 3 51 #";; returns a random non-self-referential expression"
0 0 27 29 1 #"\n"
0 0 27 3 1 #"("
0 0 16 3 6 #"define"
0 0 27 3 2 #" ("
0 0 14 3 16 #"random-base-term"
0 0 27 3 2 #") "
0 0 14 3 1 #":"
0 0 27 3 1 #" "
0 0 14 3 5 #"ExprC"
0 0 27 29 1 #"\n"
0 0 27 3 3 #"  ("
0 0 16 3 5 #"match"
0 0 27 3 2 #" ("
0 0 14 3 6 #"random"
0 0 27 3 1 #" "
0 0 23 3 1 #"4"
0 0 27 3 1 #")"
0 0 27 29 1 #"\n"
0 0 27 3 5 #"    ["
0 0 23 3 1 #"0"
0 0 27 3 2 #" ("
0 0 14 3 4 #"numV"
0 0 27 3 2 #" ("
0 0 14 3 6 #"random"
0 0 27 3 1 #" "
0 0 23 3 1 #"0"
0 0 27 3 1 #" "
0 0 23 3 4 #"1000"
0 0 27 3 3 #"))]"
0 0 27 29 1 #"\n"
0 0 27 3 5 #"    ["
0 0 23 3 1 #"1"
0 0 27 3 2 #" ("
0 0 14 3 4 #"strV"
0 0 27 3 2 #" ("
0 0 14 3 2 #"~v"
0 0 27 3 2 #" ("
0 0 14 3 6 #"random"
0 0 27 3 1 #" "
0 0 23 3 1 #"0"
0 0 27 3 1 #" "
0 0 23 3 4 #"1000"
0 0 27 3 4 #")))]"
0 0 27 29 1 #"\n"
0 0 27 3 5 #"    ["
0 0 23 3 1 #"2"
0 0 27 3 2 #" ("
0 0 14 3 5 #"boolV"
0 0 27 3 2 #" ("
0 0 14 3 1 #"<"
0 0 27 3 2 #" ("
0 0 14 3 6 #"random"
0 0 27 3 1 #" "
0 0 23 3 1 #"0"
0 0 27 3 1 #" "
0 0 23 3 1 #"2"
0 0 27 3 2 #") "
0 0 23 3 1 #"1"
0 0 27 3 3 #"))]"
0 0 27 29 1 #"\n"
0 0 27 3 5 #"    ["
0 0 23 3 1 #"3"
0 0 27 3 2 #" ("
0 0 14 3 3 #"idC"
0 0 27 3 2 #" ("
0 0 14 3 13 #"random-symbol"
0 0 27 3 5 #"))]))"
0 0 27 29 1 #"\n"
0 0 27 29 1 #"\n"
0 0 27 29 1 #"\n"
0 0 18 3 65
#";; returns a random term with given maximum depth and max arity 3"
0 0 27 29 1 #"\n"
0 0 27 3 1 #"("
0 0 14 3 1 #":"
0 0 27 3 1 #" "
0 0 14 3 11 #"random-term"
0 0 27 3 2 #" ("
0 0 14 3 2 #"->"
0 0 27 3 1 #" "
0 0 14 3 7 #"Integer"
0 0 27 3 1 #" "
0 0 14 3 5 #"ExprC"
0 0 27 3 2 #"))"
0 0 27 29 1 #"\n"
0 0 27 3 1 #"("
0 0 16 3 6 #"define"
0 0 27 3 2 #" ("
0 0 14 3 11 #"random-term"
0 0 27 3 1 #" "
0 0 14 3 5 #"depth"
0 0 27 3 1 #")"
0 0 27 29 1 #"\n"
0 0 27 3 3 #"  ("
0 0 16 3 4 #"cond"
0 0 27 29 1 #"\n"
0 0 27 3 6 #"    [("
0 0 14 3 6 #"equal?"
0 0 27 3 1 #" "
0 0 14 3 5 #"depth"
0 0 27 3 1 #" "
0 0 23 3 1 #"0"
0 0 27 3 3 #") ("
0 0 14 3 16 #"random-base-term"
0 0 27 3 2 #")]"
0 0 27 29 1 #"\n"
0 0 27 3 5 #"    ["
0 0 14 3 4 #"else"
0 0 27 3 2 #" ("
0 0 16 3 5 #"match"
0 0 27 3 2 #" ("
0 0 14 3 6 #"random"
0 0 27 3 1 #" "
0 0 23 3 1 #"0"
0 0 27 3 1 #" "
0 0 23 3 1 #"3"
0 0 27 3 1 #")"
0 0 27 29 1 #"\n"
0 0 27 3 13 #"            ["
0 0 23 3 1 #"0"
0 0 27 3 2 #" ("
0 0 14 3 4 #"appC"
0 0 27 3 2 #" ("
0 0 14 3 11 #"random-term"
0 0 27 3 2 #" ("
0 0 14 3 6 #"random"
0 0 27 3 1 #" "
0 0 14 3 5 #"depth"
0 0 27 3 4 #")) ("
0 0 14 3 13 #"gen-term-list"
0 0 27 3 1 #" "
0 0 14 3 5 #"depth"
0 0 27 3 2 #" ("
0 0 14 3 6 #"random"
0 0 27 3 1 #" "
0 0 23 3 1 #"4"
0 0 27 3 4 #")))]"
0 0 27 29 1 #"\n"
0 0 27 3 13 #"            ["
0 0 23 3 1 #"1"
0 0 27 3 2 #" ("
0 0 14 3 5 #"condC"
0 0 27 3 2 #" ("
0 0 14 3 11 #"random-term"
0 0 27 3 2 #" ("
0 0 14 3 6 #"random"
0 0 27 3 1 #" "
0 0 14 3 5 #"depth"
0 0 27 3 4 #")) ("
0 0 14 3 11 #"random-term"
0 0 27 3 2 #" ("
0 0 14 3 6 #"random"
0 0 27 3 1 #" "
0 0 14 3 5 #"depth"
0 0 27 3 4 #")) ("
0 0 14 3 11 #"random-term"
0 0 27 3 2 #" ("
0 0 14 3 6 #"random"
0 0 27 3 1 #" "
0 0 14 3 5 #"depth"
0 0 27 3 4 #")))]"
0 0 27 29 1 #"\n"
0 0 27 3 13 #"            ["
0 0 23 3 1 #"2"
0 0 27 3 2 #" ("
0 0 14 3 4 #"lamC"
0 0 27 3 2 #" ("
0 0 14 3 12 #"gen-sym-list"
0 0 27 3 2 #" ("
0 0 14 3 6 #"random"
0 0 27 3 1 #" "
0 0 23 3 1 #"4"
0 0 27 3 4 #")) ("
0 0 14 3 11 #"random-term"
0 0 27 3 2 #" ("
0 0 14 3 6 #"random"
0 0 27 3 1 #" "
0 0 14 3 5 #"depth"
0 0 27 3 8 #")))])]))"
0 0 27 29 1 #"\n"
0 0 27 29 1 #"\n"
0 0 27 29 1 #"\n"
0 0 18 3 50 #";; returns a list of random terms with given arity"
0 0 27 29 1 #"\n"
0 0 27 3 1 #"("
0 0 14 3 1 #":"
0 0 27 3 1 #" "
0 0 14 3 13 #"gen-term-list"
0 0 27 3 2 #" ("
0 0 14 3 2 #"->"
0 0 27 3 1 #" "
0 0 14 3 7 #"Integer"
0 0 27 3 1 #" "
0 0 14 3 7 #"Integer"
0 0 27 3 2 #" ("
0 0 14 3 6 #"Listof"
0 0 27 3 1 #" "
0 0 14 3 5 #"ExprC"
0 0 27 3 3 #")))"
0 0 27 29 1 #"\n"
0 0 27 3 1 #"("
0 0 16 3 6 #"define"
0 0 27 3 2 #" ("
0 0 14 3 13 #"gen-term-list"
0 0 27 3 1 #" "
0 0 14 3 8 #"maxDepth"
0 0 27 3 1 #" "
0 0 14 3 7 #"randNum"
0 0 27 3 1 #")"
0 0 27 29 1 #"\n"
0 0 27 3 3 #"  ("
0 0 16 3 4 #"cond"
0 0 27 29 1 #"\n"
0 0 27 3 6 #"    [("
0 0 14 3 6 #"equal?"
0 0 27 3 1 #" "
0 0 14 3 7 #"randNum"
0 0 27 3 1 #" "
0 0 23 3 1 #"0"
0 0 27 3 2 #") "
0 0 23 3 1 #"'"
0 0 27 3 3 #"()]"
0 0 27 29 1 #"\n"
0 0 27 3 5 #"    ["
0 0 14 3 4 #"else"
0 0 27 3 2 #" ("
0 0 14 3 4 #"cons"
0 0 27 3 2 #" ("
0 0 14 3 11 #"random-term"
0 0 27 3 2 #" ("
0 0 14 3 6 #"random"
0 0 27 3 1 #" "
0 0 14 3 8 #"maxDepth"
0 0 27 3 4 #")) ("
0 0 14 3 13 #"gen-term-list"
0 0 27 3 1 #" "
0 0 14 3 8 #"maxDepth"
0 0 27 3 2 #" ("
0 0 14 3 1 #"-"
0 0 27 3 1 #" "
0 0 23 3 1 #"1"
0 0 27 3 1 #" "
0 0 14 3 7 #"randNum"
0 0 27 3 6 #")))]))"
0 0 27 29 1 #"\n"
0 0 27 29 1 #"\n"
0 0 27 29 1 #"\n"
0 0 18 3 52 #";; returns a list of random symbols with given arity"
0 0 27 29 1 #"\n"
0 0 27 3 1 #"("
0 0 14 3 1 #":"
0 0 27 3 1 #" "
0 0 14 3 12 #"gen-sym-list"
0 0 27 3 2 #" ("
0 0 14 3 2 #"->"
0 0 27 3 1 #" "
0 0 14 3 7 #"Integer"
0 0 27 3 2 #" ("
0 0 14 3 6 #"Listof"
0 0 27 3 1 #" "
0 0 14 3 6 #"Symbol"
0 0 27 3 3 #")))"
0 0 27 29 1 #"\n"
0 0 27 3 1 #"("
0 0 16 3 6 #"define"
0 0 27 3 2 #" ("
0 0 14 3 12 #"gen-sym-list"
0 0 27 3 1 #" "
0 0 14 3 7 #"randNum"
0 0 27 3 1 #")"
0 0 27 29 1 #"\n"
0 0 27 3 3 #"  ("
0 0 16 3 4 #"cond"
0 0 27 29 1 #"\n"
0 0 27 3 6 #"    [("
0 0 14 3 6 #"equal?"
0 0 27 3 1 #" "
0 0 14 3 7 #"randNum"
0 0 27 3 1 #" "
0 0 23 3 1 #"0"
0 0 27 3 2 #") "
0 0 23 3 1 #"'"
0 0 27 3 3 #"()]"
0 0 27 29 1 #"\n"
0 0 27 3 5 #"    ["
0 0 14 3 4 #"else"
0 0 27 3 2 #" ("
0 0 14 3 4 #"cons"
0 0 27 3 2 #" ("
0 0 14 3 13 #"random-symbol"
0 0 27 3 3 #") ("
0 0 14 3 12 #"gen-sym-list"
0 0 27 3 2 #" ("
0 0 14 3 1 #"-"
0 0 27 3 1 #" "
0 0 14 3 7 #"randNum"
0 0 27 3 1 #" "
0 0 23 3 1 #"1"
0 0 27 3 6 #")))]))"
0 0 27 29 1 #"\n"
0 0 27 29 1 #"\n"
0 0 27 29 1 #"\n"
0 0 27 3 1 #"("
0 0 16 3 6 #"define"
0 0 27 3 2 #" ("
0 0 14 3 7 #"unparse"
0 0 27 3 2 #" ["
0 0 14 3 3 #"exp"
0 0 27 3 1 #" "
0 0 14 3 1 #":"
0 0 27 3 1 #" "
0 0 14 3 5 #"ExprC"
0 0 27 3 3 #"]) "
0 0 14 3 1 #":"
0 0 27 3 1 #" "
0 0 14 3 4 #"Sexp"
0 0 27 29 1 #"\n"
0 0 27 3 3 #"  ("
0 0 16 3 5 #"match"
0 0 27 3 1 #" "
0 0 14 3 3 #"exp"
0 0 27 29 1 #"\n"
0 0 27 3 6 #"    [("
0 0 14 3 4 #"numV"
0 0 27 3 1 #" "
0 0 14 3 1 #"n"
0 0 27 3 2 #") "
0 0 14 3 1 #"n"
0 0 27 3 1 #"]"
0 0 27 29 1 #"\n"
0 0 27 3 6 #"    [("
0 0 14 3 3 #"idC"
0 0 27 3 1 #" "
0 0 14 3 1 #"s"
0 0 27 3 2 #") "
0 0 14 3 1 #"s"
0 0 27 3 1 #"]"
0 0 27 29 1 #"\n"
0 0 27 3 6 #"    [("
0 0 14 3 4 #"strV"
0 0 27 3 1 #" "
0 0 14 3 1 #"s"
0 0 27 3 2 #") "
0 0 14 3 1 #"s"
0 0 27 3 1 #"]"
0 0 27 29 1 #"\n"
0 0 27 3 6 #"    [("
0 0 14 3 5 #"boolV"
0 0 27 3 1 #" "
0 0 14 3 3 #"val"
0 0 27 3 3 #") ("
0 0 16 3 4 #"cond"
0 0 27 29 1 #"\n"
0 0 27 3 20 #"                   ["
0 0 14 3 3 #"val"
0 0 27 3 1 #" "
0 0 23 3 1 #"'"
0 0 14 3 4 #"true"
0 0 27 3 1 #"]"
0 0 27 29 1 #"\n"
0 0 27 3 20 #"                   ["
0 0 14 3 4 #"else"
0 0 27 3 1 #" "
0 0 23 3 1 #"'"
0 0 14 3 5 #"false"
0 0 27 3 3 #"])]"
0 0 27 29 1 #"\n"
0 0 27 3 6 #"    [("
0 0 14 3 5 #"condC"
0 0 27 3 1 #" "
0 0 14 3 2 #"if"
0 0 27 3 1 #" "
0 0 14 3 4 #"then"
0 0 27 3 1 #" "
0 0 14 3 4 #"else"
0 0 27 3 3 #") ("
0 0 14 3 4 #"cons"
0 0 27 3 1 #" "
0 0 23 3 1 #"'"
0 0 14 3 2 #"if"
0 0 27 3 2 #" ("
0 0 14 3 4 #"cons"
0 0 27 3 2 #" ("
0 0 14 3 7 #"unparse"
0 0 27 3 1 #" "
0 0 14 3 2 #"if"
0 0 27 3 3 #") ("
0 0 14 3 4 #"cons"
0 0 27 3 2 #" ("
0 0 14 3 7 #"unparse"
0 0 27 3 1 #" "
0 0 14 3 4 #"then"
0 0 27 3 3 #") ("
0 0 14 3 4 #"cons"
0 0 27 3 2 #" ("
0 0 14 3 7 #"unparse"
0 0 27 3 1 #" "
0 0 14 3 4 #"else"
0 0 27 3 2 #") "
0 0 23 3 1 #"'"
0 0 27 3 7 #"()))))]"
0 0 27 29 1 #"\n"
0 0 27 3 6 #"    [("
0 0 14 3 4 #"appC"
0 0 27 3 1 #" "
0 0 14 3 3 #"fun"
0 0 27 3 1 #" "
0 0 14 3 1 #"l"
0 0 27 3 3 #") ("
0 0 14 3 4 #"cons"
0 0 27 3 2 #" ("
0 0 14 3 7 #"unparse"
0 0 27 3 1 #" "
0 0 14 3 3 #"fun"
0 0 27 3 3 #") ("
0 0 14 3 3 #"map"
0 0 27 3 2 #" ("
0 0 16 3 6 #"lambda"
0 0 27 3 2 #" ("
0 0 14 3 1 #"x"
0 0 27 3 3 #") ("
0 0 14 3 7 #"unparse"
0 0 27 3 1 #" "
0 0 14 3 1 #"x"
0 0 27 3 3 #")) "
0 0 14 3 1 #"l"
0 0 27 3 3 #"))]"
0 0 27 29 1 #"\n"
0 0 27 3 6 #"    [("
0 0 14 3 4 #"lamC"
0 0 27 3 1 #" "
0 0 14 3 4 #"args"
0 0 27 3 1 #" "
0 0 14 3 4 #"body"
0 0 27 3 3 #") ("
0 0 14 3 4 #"cons"
0 0 27 3 1 #" "
0 0 23 3 1 #"'"
0 0 14 3 2 #"fn"
0 0 27 3 2 #" ("
0 0 14 3 4 #"cons"
0 0 27 3 1 #" "
0 0 14 3 4 #"args"
0 0 27 3 2 #" ("
0 0 14 3 4 #"cons"
0 0 27 3 2 #" ("
0 0 14 3 7 #"unparse"
0 0 27 3 1 #" "
0 0 14 3 4 #"body"
0 0 27 3 2 #") "
0 0 23 3 1 #"'"
0 0 27 3 8 #"())))]))"
0 0 27 29 1 #"\n"
0 0 27 29 1 #"\n"
0 0 27 29 1 #"\n"
0 0 27 3 1 #"("
0 0 14 3 12 #"check-equal?"
0 0 27 3 2 #" ("
0 0 14 3 7 #"unparse"
0 0 27 3 2 #" ("
0 0 14 3 4 #"numV"
0 0 27 3 1 #" "
0 0 23 3 1 #"5"
0 0 27 3 3 #")) "
0 0 23 3 1 #"5"
0 0 27 3 1 #")"
0 0 27 29 1 #"\n"
0 0 27 3 1 #"("
0 0 14 3 12 #"check-equal?"
0 0 27 3 2 #" ("
0 0 14 3 7 #"unparse"
0 0 27 3 2 #" ("
0 0 14 3 3 #"idC"
0 0 27 3 1 #" "
0 0 23 3 1 #"'"
0 0 14 3 1 #"a"
0 0 27 3 3 #")) "
0 0 23 3 1 #"'"
0 0 14 3 1 #"a"
0 0 27 3 1 #")"
0 0 27 29 1 #"\n"
0 0 27 3 1 #"("
0 0 14 3 12 #"check-equal?"
0 0 27 3 2 #" ("
0 0 14 3 7 #"unparse"
0 0 27 3 2 #" ("
0 0 14 3 4 #"strV"
0 0 27 3 1 #" "
0 0 20 3 7 #"\"world\""
0 0 27 3 3 #")) "
0 0 20 3 7 #"\"world\""
0 0 27 3 1 #")"
0 0 27 29 1 #"\n"
0 0 27 3 1 #"("
0 0 14 3 12 #"check-equal?"
0 0 27 3 2 #" ("
0 0 14 3 7 #"unparse"
0 0 27 3 2 #" ("
0 0 14 3 5 #"condC"
0 0 27 3 2 #" ("
0 0 14 3 4 #"numV"
0 0 27 3 1 #" "
0 0 23 3 1 #"0"
0 0 27 3 3 #") ("
0 0 14 3 3 #"idC"
0 0 27 3 1 #" "
0 0 23 3 1 #"'"
0 0 14 3 1 #"a"
0 0 27 3 3 #") ("
0 0 14 3 3 #"idC"
0 0 27 3 1 #" "
0 0 23 3 1 #"'"
0 0 14 3 1 #"b"
0 0 27 3 4 #"))) "
0 0 23 3 1 #"'"
0 0 27 3 1 #"("
0 0 14 3 2 #"if"
0 0 27 3 1 #" "
0 0 23 3 1 #"0"
0 0 27 3 1 #" "
0 0 14 3 1 #"a"
0 0 27 3 1 #" "
0 0 14 3 1 #"b"
0 0 27 3 2 #"))"
0 0 27 29 1 #"\n"
0 0 27 3 1 #"("
0 0 14 3 12 #"check-equal?"
0 0 27 3 2 #" ("
0 0 14 3 7 #"unparse"
0 0 27 3 2 #" ("
0 0 14 3 4 #"appC"
0 0 27 3 2 #" ("
0 0 14 3 3 #"idC"
0 0 27 3 1 #" "
0 0 23 3 1 #"'"
0 0 14 3 1 #"a"
0 0 27 3 3 #") ("
0 0 14 3 4 #"list"
0 0 27 3 2 #" ("
0 0 14 3 4 #"numV"
0 0 27 3 1 #" "
0 0 23 3 1 #"1"
0 0 27 3 3 #") ("
0 0 14 3 4 #"numV"
0 0 27 3 1 #" "
0 0 23 3 1 #"2"
0 0 27 3 5 #")))) "
0 0 23 3 1 #"'"
0 0 27 3 1 #"("
0 0 14 3 1 #"a"
0 0 27 3 1 #" "
0 0 23 3 1 #"1"
0 0 27 3 1 #" "
0 0 23 3 1 #"2"
0 0 27 3 2 #"))"
0 0 27 29 1 #"\n"
0 0 27 3 1 #"("
0 0 14 3 12 #"check-equal?"
0 0 27 3 2 #" ("
0 0 14 3 7 #"unparse"
0 0 27 3 2 #" ("
0 0 14 3 4 #"lamC"
0 0 27 3 2 #" ("
0 0 14 3 4 #"list"
0 0 27 3 1 #" "
0 0 23 3 1 #"'"
0 0 14 3 1 #"a"
0 0 27 3 1 #" "
0 0 23 3 1 #"'"
0 0 14 3 1 #"b"
0 0 27 3 1 #" "
0 0 23 3 1 #"'"
0 0 14 3 1 #"c"
0 0 27 3 3 #") ("
0 0 14 3 4 #"numV"
0 0 27 3 1 #" "
0 0 23 3 1 #"0"
0 0 27 3 4 #"))) "
0 0 23 3 1 #"'"
0 0 27 3 1 #"("
0 0 14 3 2 #"fn"
0 0 27 3 2 #" ("
0 0 14 3 1 #"a"
0 0 27 3 1 #" "
0 0 14 3 1 #"b"
0 0 27 3 1 #" "
0 0 14 3 1 #"c"
0 0 27 3 2 #") "
0 0 23 3 1 #"0"
0 0 27 3 2 #"))"
0 0 27 29 1 #"\n"
0 0 27 29 1 #"\n"
0 0 27 29 1 #"\n"
0 0 27 3 1 #"("
0 0 16 3 6 #"define"
0 0 27 3 2 #" ("
0 0 14 3 4 #"quiz"
0 0 27 3 2 #") "
0 0 14 3 1 #":"
0 0 27 3 1 #" "
0 0 14 3 4 #"Sexp"
0 0 27 29 1 #"\n"
0 0 27 3 3 #"  ("
0 0 14 3 7 #"unparse"
0 0 27 3 2 #" ("
0 0 14 3 11 #"random-term"
0 0 27 3 2 #" ("
0 0 14 3 6 #"random"
0 0 27 3 1 #" "
0 0 23 3 1 #"3"
0 0 27 3 4 #"))))"
0 0 27 29 1 #"\n"
0 0 27 29 1 #"\n"
0 0 27 3 1 #"{"
0 0 16 3 3 #"let"
0 0 27 3 2 #" {"
0 0 14 3 1 #"p"
0 0 27 3 1 #" "
0 0 14 3 1 #"="
0 0 27 3 1 #" "
0 0 23 3 1 #"9"
0 0 27 3 1 #"}"
0 0 27 29 1 #"\n"
0 0 27 3 3 #"   "
0 0 14 3 2 #"in"
0 0 27 29 1 #"\n"
0 0 27 3 4 #"  {{"
0 0 14 3 2 #"fn"
0 0 27 3 2 #" {"
0 0 14 3 1 #"a"
0 0 27 3 3 #"} {"
0 0 14 3 1 #"+"
0 0 27 3 1 #" "
0 0 14 3 1 #"p"
0 0 27 3 2 #" {"
0 0 14 3 1 #"a"
0 0 27 3 3 #"}}}"
0 0 27 29 1 #"\n"
0 0 27 3 4 #"   {"
0 0 14 3 2 #"fn"
0 0 27 3 5 #" {} {"
0 0 14 3 1 #"+"
0 0 27 3 1 #" "
0 0 23 3 2 #"80"
0 0 27 3 3 #" {{"
0 0 14 3 2 #"fn"
0 0 27 3 2 #" {"
0 0 14 3 1 #"x"
0 0 27 3 2 #"} "
0 0 23 3 1 #"4"
0 0 27 3 2 #"} "
0 0 23 3 2 #"22"
0 0 27 3 5 #"}}}}}"
0 0 27 29 1 #"\n"
0 0 27 29 1 #"\n"
0 0 27 3 4 #"    "
0           0
